{
  "advancedEditorSelectedIdentifier" : "ProjectBrowser",
  "openSceneRelativePaths" : [
    "Immersive.usda",
    "Scene.usda"
  ],
  "recentIdentifiers" : {
    "AF09ED6F-1707-48FD-8720-65B998362C09" : [

    ],
    "D66134B1-3681-4A8E-AFE5-29F257229F3B" : [

    ]
  },
  "sceneCameraHistory" : {
    "AF09ED6F-1707-48FD-8720-65B998362C09" : [
      {
        "date" : 722064934.590022,
        "title" : "Untitled",
        "transform" : [
          -0.99997663,
          -3.679743e-09,
          0.0068359934,
          0,
          0.0017091264,
          0.9682406,
          0.25001436,
          0,
          -0.0066188984,
          0.2500202,
          -0.968218,
          0,
          -0.13242687,
          2.0906444,
          -4.86825,
          1
        ]
      },
      {
        "date" : 722064911.503697,
        "title" : "Untitled",
        "transform" : [
          -0.9960468,
          -3.6805323e-09,
          0.08883036,
          0,
          0.022794137,
          0.96651685,
          0.2555887,
          0,
          -0.08585605,
          0.25660312,
          -0.962696,
          0,
          -0.52999747,
          2.123729,
          -4.8267035,
          1
        ]
      },
      {
        "date" : 722064874.420709,
        "title" : "Untitled",
        "transform" : [
          -0.9960469,
          -3.6805328e-09,
          0.08883037,
          0,
          0.022794139,
          0.966517,
          0.25558874,
          0,
          -0.08585605,
          0.25660312,
          -0.962696,
          0,
          -0.5532664,
          2.2169688,
          -5.038614,
          1
        ]
      },
      {
        "date" : 722064612.13244,
        "title" : "Untitled",
        "transform" : [
          -0.9813011,
          -3.8933354e-09,
          0.19247912,
          0,
          0.071353965,
          0.92874867,
          0.36377835,
          0,
          -0.17876472,
          0.37071022,
          -0.911382,
          0,
          -1.0187725,
          2.8089836,
          -4.6562214,
          1
        ]
      },
      {
        "date" : 722064369.093081,
        "title" : "Untitled",
        "transform" : [
          -0.98130107,
          -5.9545533e-09,
          0.19247912,
          0,
          0.07135404,
          0.9287486,
          0.36377835,
          0,
          -0.17876479,
          0.37071016,
          -0.911382,
          0,
          -0.49518353,
          0.15774779,
          -2.5995944,
          1
        ]
      },
      {
        "date" : 722064347.157649,
        "title" : "Untitled",
        "transform" : [
          -0.97620285,
          -6.5964514e-09,
          0.21685994,
          0,
          0.083312325,
          0.9232601,
          0.37503317,
          0,
          -0.2002182,
          0.38417545,
          -0.90128905,
          0,
          -0.42104068,
          0.2738152,
          -2.6866584,
          1
        ]
      },
      {
        "date" : 722064334.713349,
        "title" : "Untitled",
        "transform" : [
          -0.97066444,
          -6.147287e-09,
          0.2404381,
          0,
          0.096982524,
          0.9150426,
          0.39152464,
          0,
          -0.22001116,
          0.40335733,
          -0.88819927,
          0,
          -0.48446703,
          0.3303888,
          -2.669554,
          1
        ]
      },
      {
        "date" : 722064331.243678,
        "title" : "Untitled",
        "transform" : [
          -0.97066444,
          -6.147287e-09,
          0.2404381,
          0,
          0.096982524,
          0.9150426,
          0.39152464,
          0,
          -0.22001116,
          0.40335733,
          -0.88819927,
          0,
          -0.21940984,
          0.25669578,
          -2.768676,
          1
        ]
      },
      {
        "date" : 722064307.451897,
        "title" : "Untitled",
        "transform" : [
          -0.9715441,
          -6.8847603e-09,
          0.23685922,
          0,
          0.11022035,
          0.88513154,
          0.4520993,
          0,
          -0.20965159,
          0.46534103,
          -0.85994416,
          0,
          -0.2034855,
          0.4445665,
          -2.7460072,
          1
        ]
      },
      {
        "date" : 722064276.200121,
        "title" : "Untitled",
        "transform" : [
          -0.99181247,
          -4.9011377e-09,
          0.1277035,
          0,
          0.073291495,
          0.81891215,
          0.56921995,
          0,
          -0.10457799,
          0.57391894,
          -0.8122072,
          0,
          0.11217499,
          0.78569496,
          -2.6738927,
          1
        ]
      }
    ],
    "D66134B1-3681-4A8E-AFE5-29F257229F3B" : [
      {
        "date" : 722071067.306662,
        "title" : "Untitled",
        "transform" : [
          0.99989337,
          -5.4056923e-09,
          0.014602776,
          0,
          0.012826127,
          0.4780468,
          -0.8782406,
          0,
          -0.0069808387,
          0.87833434,
          0.47799578,
          0,
          -0.0066836067,
          0.6426904,
          0.4597507,
          1
        ]
      },
      {
        "date" : 722071057.856275,
        "title" : "Untitled",
        "transform" : [
          0.99997383,
          -3.8909653e-10,
          0.0072324406,
          0,
          0.003764505,
          0.85385996,
          -0.5204891,
          0,
          -0.006175488,
          0.52050275,
          0.8538376,
          0,
          -0.0044515184,
          0.35265845,
          0.6197305,
          1
        ]
      },
      {
        "date" : 722071050.984578,
        "title" : "Untitled",
        "transform" : [
          0.99994856,
          -1.8460887e-10,
          0.010143375,
          0,
          0.00021025407,
          0.9997851,
          -0.02072719,
          0,
          -0.010141192,
          0.020728257,
          0.9997337,
          0,
          -0.0064361766,
          0.013668999,
          0.6375203,
          1
        ]
      },
      {
        "date" : 722071041.06014,
        "title" : "Untitled",
        "transform" : [
          0.99999493,
          -1.9098453e-10,
          0.0031885826,
          0,
          0.00034107998,
          0.99426234,
          -0.106968746,
          0,
          -0.0031702844,
          0.10696928,
          0.9942573,
          0,
          -0.0020173765,
          0.06902317,
          0.6423319,
          1
        ]
      },
      {
        "date" : 722070977.530666,
        "title" : "Untitled",
        "transform" : [
          0.99966973,
          -2.0575974e-10,
          0.025699755,
          0,
          0.00811418,
          0.94884914,
          -0.31562558,
          0,
          -0.024385188,
          0.31572986,
          0.94853574,
          0,
          -0.01555756,
          0.20174392,
          0.6063555,
          1
        ]
      },
      {
        "date" : 722070967.012466,
        "title" : "Untitled",
        "transform" : [
          0.99966973,
          -2.0575974e-10,
          0.025699755,
          0,
          0.00811418,
          0.94884914,
          -0.31562558,
          0,
          -0.024385188,
          0.31572986,
          0.94853574,
          0,
          -0.08504863,
          1.1028748,
          3.3147678,
          1
        ]
      },
      {
        "date" : 722070904.303461,
        "title" : "Untitled",
        "transform" : [
          0.99966973,
          -2.0575974e-10,
          0.025699755,
          0,
          0.00811418,
          0.94884914,
          -0.31562558,
          0,
          -0.024385188,
          0.31572986,
          0.94853574,
          0,
          -0.11441112,
          1.4825984,
          4.455183,
          1
        ]
      },
      {
        "date" : 722070895.596347,
        "title" : "Untitled",
        "transform" : [
          0.99966973,
          -2.0575974e-10,
          0.025699755,
          0,
          0.00811418,
          0.94884914,
          -0.31562558,
          0,
          -0.024385188,
          0.31572986,
          0.94853574,
          0,
          -0.017418493,
          0.22571772,
          0.6782781,
          1
        ]
      },
      {
        "date" : 722064191.031708,
        "title" : "Untitled",
        "transform" : [
          0.99966973,
          -2.0575974e-10,
          0.025699755,
          0,
          0.00811418,
          0.94884914,
          -0.31562558,
          0,
          -0.024385188,
          0.31572986,
          0.94853574,
          0,
          -0.13151062,
          1.704182,
          5.1210384,
          1
        ]
      },
      {
        "date" : 722064186.669843,
        "title" : "Untitled",
        "transform" : [
          0.99966973,
          -2.0575974e-10,
          0.025699755,
          0,
          0.00811418,
          0.94884914,
          -0.31562558,
          0,
          -0.024385188,
          0.31572986,
          0.94853574,
          0,
          -0.12943196,
          1.6772455,
          5.0400953,
          1
        ]
      }
    ]
  },
  "selectedSceneRelativePath" : "Scene.usda"
}